  File: ./calc3/calc3.cpp
  Size: 1008      	Blocks: 8          IO Block: 4096   regular file
Device: 805h/2053d	Inode: 1068351     Links: 1
Access: (0664/-rw-rw-r--)  Uid: ( 1000/ filippo)   Gid: ( 1000/ filippo)
Access: 2024-02-16 22:18:26.372443259 +0100
Modify: 2024-02-16 22:18:26.296441543 +0100
Change: 2024-02-16 22:18:26.296441543 +0100
 Birth: 2024-02-16 22:18:16.856228109 +0100
